Question 37: Hit at (9, 8)? Answer y or n.n
[1, 0, 1, 1, 1]
[[-2.575e-01 -1.392e-01 -1.102e-01  8.629e-02  6.064e-02 -8.779e-03
  -1.499e-02 -5.322e-02 -1.206e-01 -6.668e-02]
 [-2.028e-01  7.389e-01 -1.360e-01  8.001e-02  1.744e-01  4.275e-03
  -6.901e-02 -4.972e-02 -8.362e-02 -3.478e-03]
 [ 4.834e-01  1.649e+00  5.852e-01  8.089e-01  2.424e-01  3.325e-02
  -6.198e-01 -1.706e-01 -5.915e-02 -1.638e-04]
 [ 7.998e-02  1.618e+00 -1.299e-01  9.499e-02  1.996e-01  1.826e-02
  -2.722e-01 -8.413e-02 -5.477e-02 -7.181e-02]
 [ 3.205e-02  1.614e+00 -1.405e-01  5.154e-02  1.613e-01  4.745e-02
   1.467e+00  1.599e+00 -9.468e-02  1.363e-02]
 [ 1.953e-02  1.603e+00  2.400e-01  3.845e-01  5.384e-01 -2.700e-02
  -1.670e-01 -5.456e-02 -7.086e-02  7.077e-02]
 [-3.810e-02  8.898e-01 -5.675e-03  1.787e+01  1.918e+01  1.895e+01
   3.775e-01  1.284e-01 -2.042e-01 -3.264e-02]
 [-3.693e-02 -6.433e-02 -9.782e-02 -1.117e+00 -1.204e+00 -1.532e-01
   2.573e+01 -5.779e+01 -8.394e-01  1.698e+01]
 [-2.919e-02  1.517e-02 -3.269e-02 -1.062e+00 -1.306e+00 -7.334e-02
   2.610e+01 -5.747e+01 -5.413e-01  1.723e+01]
 [-5.202e-01 -3.529e-01  5.199e-02 -8.009e-02 -1.665e+00 -3.753e-01
   2.565e+01 -5.681e+01  3.903e-01  1.789e+01]]
Question 38: Hit at (10, 2)? Answer y or n.n
[1, 0, 1, 1, 1]
[[ 1.127e-01 -7.303e-04  2.560e-02  9.070e-02  6.363e-02 -1.081e-02
  -1.500e-02 -5.272e-02 -1.197e-01 -6.834e-02]
 [-2.404e-03  7.375e-01 -1.741e-01  9.682e-02  2.184e-01  5.560e-03
  -7.192e-02 -4.841e-02 -8.174e-02  1.039e-01]
 [ 6.592e-01  1.620e+00  5.210e-01  7.966e-01  2.846e-01  3.317e-02
  -6.747e-01 -1.789e-01 -5.722e-02  1.428e-01]
 [ 3.348e-03  1.649e+00 -1.643e-01  1.102e-01  2.439e-01  1.718e-02
  -2.951e-01 -8.612e-02 -5.354e-02  9.805e-02]
 [ 1.290e-02  1.646e+00 -1.727e-01  5.521e-02  2.029e-01  4.969e-02
   8.973e-01  1.131e+00 -8.896e-02  8.254e-02]
 [ 6.346e-03  1.631e+00 -3.887e-01 -2.054e-01 -1.525e-02 -3.200e-02
  -2.678e-01 -5.621e-02  3.315e-02  4.248e-02]
 [-5.555e-02  9.267e-01  4.723e-03 -2.461e-01 -2.575e-01 -2.547e-01
   3.274e-01  8.620e-02  6.110e-02  1.892e-02]
 [-3.984e-02  7.522e-02  4.750e-02  1.255e-02  3.819e-01  1.629e-02
  -7.009e-01  4.277e+00  2.008e-01 -1.806e+00]
 [-3.300e-02 -3.461e-02  4.502e-02 -3.611e-03  4.102e-01  7.048e-03
  -7.345e-01  4.247e+00  1.545e-01 -1.822e+00]
 [-3.718e-01 -1.604e-01  1.194e-01 -1.015e-01  4.027e-01  2.466e-02
  -7.087e-01  4.214e+00  7.713e-02 -1.850e+00]]
Question 39: Hit at (2, 7)? Answer y or n.n
[1, 0, 1, 1, 1]
[[ 1.946e-01 -5.985e-02 -8.186e-03  3.481e-01  2.691e-01 -3.508e-02
   6.969e-02 -1.105e-03 -1.561e-02 -1.692e-01]
 [-1.669e-01  7.259e-01 -6.341e-01  3.934e-01  2.328e-01 -2.075e-02
  -9.792e-02 -1.380e-02  3.887e-02  1.855e-01]
 [-5.184e-01  6.919e-01 -8.490e-01  2.060e-01  3.971e-01  3.711e-02
  -1.642e+00 -3.978e-01  5.518e-02  2.517e-01]
 [-7.746e-02  3.156e+00 -6.079e-01  4.474e-01  2.331e-01 -6.057e-02
  -6.639e-01 -1.727e-01  4.030e-02  1.510e-01]
 [-4.687e-02  3.132e+00 -6.359e-01  2.490e-01  6.597e-02  1.191e-01
   9.228e-01  1.428e+00  4.074e-02  2.744e-01]
 [-7.980e-02  3.227e+00 -8.132e-01 -1.254e-01 -1.245e-01  2.228e-02
  -5.495e-01 -1.361e-01  3.159e-02  6.447e-02]
 [-1.901e-01  2.557e+00 -1.246e-03 -2.483e-01 -2.478e-01 -2.451e-01
   9.917e-01  2.470e-01  5.483e-02  3.453e-02]
 [-1.487e-01  1.922e-01  3.936e-02  4.504e-04  3.740e-01  1.575e-02
  -6.780e-01  4.131e+00  1.817e-01 -1.732e+00]
 [-1.027e-01  5.686e-02  4.578e-02 -1.486e-02  4.015e-01  6.760e-03
  -7.111e-01  4.102e+00  1.369e-01 -1.764e+00]
 [-8.096e-01 -4.057e-01  4.114e-03 -3.316e-01  3.891e-01  2.257e-02
  -6.864e-01  4.071e+00  7.395e-02 -1.790e+00]]
Question 40: Hit at (2, 5)? Answer y or n.n
[1, 0, 1, 1, 1]
[[ 1.682e-01 -3.740e-02 -2.458e-02  5.832e-01  2.504e-01  3.440e-03
   5.622e-02 -1.636e-02 -8.027e-02 -1.042e-01]
 [-3.829e-01  6.655e-01 -1.079e+00  7.038e-01  3.494e-01 -6.651e-03
  -7.569e-02 -3.089e-02 -4.892e-02  1.795e-01]
 [-2.884e-01  1.147e+00 -7.592e-01  1.088e+00  6.793e-01  1.534e-01
  -1.097e+00 -2.684e-01 -1.943e-02  2.560e-01]
 [-6.859e-02  2.332e+00 -1.097e+00  7.556e-01  3.653e-01 -1.843e-02
  -4.462e-01 -1.196e-01 -2.867e-02 -3.538e-03]
 [ 6.356e-04  2.335e+00 -1.089e+00  5.002e-01  2.018e-01  1.107e-01
   1.573e+00  1.907e+00 -7.537e-02  9.220e-03]
 [-4.549e-02  2.373e+00 -1.232e+00 -3.645e-02  3.988e-02  1.887e-02
  -3.695e-01 -9.192e-02  3.354e-02  6.570e-02]
 [-1.498e-01  1.781e+00 -4.345e-03 -2.383e-01 -2.473e-01 -2.446e-01
   6.631e-01  1.602e-01  5.675e-02  8.375e-02]
 [-1.106e-01  1.375e-01  3.186e-02  5.761e-03  3.735e-01  1.578e-02
  -6.748e-01  4.123e+00  1.849e-01 -1.688e+00]
 [-6.726e-02 -6.104e-02  4.788e-02 -1.261e-02  4.026e-01  7.321e-03
  -7.072e-01  4.095e+00  1.399e-01 -1.760e+00]
 [-9.171e-01 -4.551e-01  3.053e-01 -2.165e-01  3.901e-01  2.245e-02
  -6.860e-01  4.064e+00  7.180e-02 -1.786e+00]]
Question 41: Hit at (2, 6)? Answer y or n.n
[1, 0, 1, 1, 1]
[[ 1.532e-01 -5.046e-02 -3.279e-02  1.341e+00  1.922e-01  5.513e-02
   3.358e-02 -2.590e-02 -1.165e-01  6.915e-03]
 [-1.366e+00  3.330e-01 -1.247e+00  1.578e+00  4.362e-01  1.851e-02
  -1.042e-02 -3.829e-02 -1.228e-01  1.458e-01]
 [-1.207e+00  9.628e-01 -7.076e-01  2.582e+00  1.021e+00  3.661e-01
  -1.054e-01 -2.981e-02 -8.728e-02  2.213e-01]
 [-4.433e-02  8.312e-01 -1.250e+00  2.087e+00  4.517e-01  2.692e-02
  -4.411e-02 -1.626e-02 -8.786e-02 -4.815e-01]
 [ 2.591e-02  8.266e-01 -1.263e+00  8.378e-01  3.093e-01  5.752e-02
   3.208e+00  3.240e+00 -2.647e-01 -7.131e-01]
 [ 2.208e-02  7.836e-01 -1.385e+00  6.289e-02  1.701e-01 -3.108e-02
  -4.096e-02 -9.027e-03  3.109e-02  4.073e-02]
 [-3.746e-02  4.735e-01 -5.398e-03 -2.140e-01 -2.410e-01 -2.384e-01
   6.312e-02  1.124e-02  5.804e-02  1.858e-01]
 [-2.039e-02  1.176e-02  2.642e-02  1.507e-02  3.554e-01  1.510e-02
  -6.346e-01  3.916e+00  1.844e-01 -1.492e+00]
 [-2.773e-03 -3.367e-01  7.752e-02 -3.130e-04  3.873e-01  8.314e-03
  -6.644e-01  3.889e+00  1.412e-01 -1.672e+00]
 [-1.283e+00 -6.229e-01  1.000e+00 -7.397e-03  3.744e-01  2.117e-02
  -6.525e-01  3.861e+00  6.690e-02 -1.696e+00]]
Question 42: Hit at (4, 8)? Answer y or n.y
Sunk ship? 0 if nothing sunk otherwise size of ship.0
[1, 0, 1, 1, 1]
[[ 1.998e-02 -2.676e-01 -8.100e-02  9.605e-01  4.997e-01  8.257e-02
   7.273e-02 -2.911e-02 -1.268e-01  4.289e-03]
 [-4.909e+00  4.227e-01 -1.372e+00  1.104e+00  7.418e-01 -2.260e-02
  -3.293e-02 -4.454e-02 -1.345e-01  2.148e-01]
 [-4.798e+00  1.014e+00 -8.708e-01  2.237e+00  1.333e+00  3.456e-01
  -7.585e-02 -2.079e-02 -9.110e-02  3.184e-01]
 [-1.339e-01  1.164e+00 -1.379e+00  1.794e+00  8.121e-01  4.093e-02
  -2.456e-02 -1.040e-02 -9.165e-02 -1.695e+00]
 [-4.492e-02  1.293e+00 -1.394e+00  7.765e-01  3.777e-01  6.760e-02
   8.610e+00  8.634e+00 -5.680e-01 -2.251e+00]
 [-7.415e-03  1.170e+00 -1.461e+00  9.335e-02  2.858e-01 -4.428e-02
  -2.798e-02 -5.595e-03  2.596e-02  2.636e-02]
 [-4.218e-02  7.468e-01 -6.765e-04 -1.642e-01 -1.848e-01 -1.829e-01
   4.550e-02  8.321e-03  3.641e-02  4.982e-01]
 [-2.111e-02 -5.732e-03  5.819e-01  1.120e-02  2.741e-01  1.168e-02
  -4.861e-01  2.943e+00  1.407e-01 -8.195e-01]
 [ 3.838e-03 -8.273e-01  7.781e-01  3.019e-02  3.144e-01  1.013e-02
  -5.084e-01  2.923e+00  1.077e-01 -1.326e+00]
 [-3.422e+00 -1.694e+00  3.246e+00  1.123e-02  3.006e-01  1.611e-02
  -4.998e-01  2.904e+00  5.374e-02 -1.340e+00]]
Question 43: Hit at (5, 8)? Answer y or n.y
Sunk ship? 0 if nothing sunk otherwise size of ship.0
[1, 0, 1, 1, 1]
[[ 1.108e-01  3.230e-01 -1.392e-01 -1.503e-01  4.595e-01  1.442e-01
  -1.116e-01  9.599e-03 -1.509e-02 -5.236e-03]
 [ 3.091e+01  3.765e-01 -4.309e-01 -1.292e-01  6.425e-01  7.553e-02
  -1.509e-01 -1.173e-03 -2.772e-02 -7.385e-01]
 [ 3.127e+01  9.490e-01 -5.647e-02  1.635e+00  9.268e-01  2.329e-01
  -5.043e-02 -1.264e-02 -2.833e-02 -1.025e+00]
 [ 2.273e-03  1.751e+00 -4.332e-01  1.458e+00  5.773e-01 -1.452e-03
  -2.982e-02 -5.751e-03 -2.879e-02  1.150e+01]
 [-8.209e-02  1.514e+00 -3.913e-01  3.786e-01  2.723e-01  3.375e-02
  -5.018e+01 -5.016e+01  2.763e+00  1.462e+01]
 [-5.288e-02  1.515e+00 -4.137e-01  8.085e-02  2.176e-01 -3.024e-02
  -2.070e-02 -3.309e-03  2.015e-02  1.441e-01]
 [-3.219e-02  1.141e+00 -3.225e-03 -1.637e-01 -1.849e-01 -1.829e-01
   2.955e-02  5.836e-03  1.158e-01 -2.930e+00]
 [-3.831e-02 -3.437e-02  5.558e-01  1.216e-02  2.715e-01  9.356e-03
  -4.857e-01  2.939e+00  1.396e-01 -4.416e+00]
 [-6.159e-02  4.400e+00 -7.427e-01 -2.474e-01  1.647e-01 -2.589e-02
  -5.080e-01  2.920e+00  1.082e-01 -1.333e+00]
 [ 1.990e+01  9.821e+00 -1.528e+01 -1.839e-01  1.842e-01  1.615e-02
  -4.995e-01  2.901e+00  5.361e-02 -1.347e+00]]
Question 44: Hit at (1, 8)? Answer y or n.n
[1, 0, 1, 1, 1]
[[-5.484e-02  3.368e-02 -3.160e-02  9.461e-01  1.262e-01  2.521e-02
   3.147e-02  7.202e-04 -7.112e-03  1.743e-03]
 [ 1.646e-01 -9.954e-02  2.473e-01  1.191e+00 -3.646e-02  4.172e-03
   1.950e-02  3.983e-04 -7.022e-03  1.729e-02]
 [ 1.566e-01  3.328e-01  6.945e-01  1.581e+00  3.990e-01  4.427e-01
   9.790e-04  3.315e-06 -7.219e-03  2.487e-02]
 [-2.781e-03  2.306e-01  2.482e-01  1.121e+00 -4.167e-02 -2.889e-03
   7.408e-03  3.466e-05 -7.302e-03 -3.286e-01]
 [-1.123e-02  1.359e-01  2.481e-01  6.490e-01 -1.388e-01 -4.920e-03
   1.419e+00  1.419e+00 -8.704e-02 -4.143e-01]
 [-1.624e-02  1.883e-01  2.187e-01  1.177e-01 -1.640e-01  1.411e-02
   8.074e-04  5.929e-04  1.763e-02 -3.478e-03]
 [-1.023e-02  3.120e-01  2.872e-03 -1.404e-01 -1.570e-01 -1.554e-01
   1.230e-03 -1.350e-03  4.190e-02  8.207e-02]
 [-3.627e-03  5.086e-03  1.445e-02  8.488e-03  2.044e-01  9.484e-03
  -4.129e-01  2.488e+00  1.240e-01 -1.562e-01]
 [ 1.661e-03 -1.019e-01  7.120e-02  3.675e-02  2.146e-01  5.023e-03
  -4.316e-01  2.471e+00  9.417e-02 -2.459e-01]
 [-5.627e-01 -2.966e-01  4.407e-01  6.772e-03  2.145e-01  1.285e-02
  -4.249e-01  2.454e+00  4.519e-02 -2.724e-01]]
Question 45: Hit at (4, 9)? Answer y or n.n
[1, 0, 1, 1, 1]
[[ 2.369e-01  3.522e-01  2.110e-01  4.330e+00  6.686e-02 -1.375e-01
  -6.096e-02  9.918e-04 -6.620e-03  8.975e-04]
 [ 1.209e-01 -8.549e-01  2.367e-01  5.298e+00 -1.480e-02  1.483e-02
   3.157e-02  3.963e-04 -6.707e-03  1.038e-02]
 [ 1.547e-01 -3.190e+00 -1.896e+00  3.352e+00 -2.192e+00 -2.192e+00
  -1.482e-03 -5.121e-04 -6.909e-03  1.560e-02]
 [ 4.953e-03 -1.426e+00  2.460e-01  5.539e+00 -8.222e-02 -5.836e-02
  -3.704e-02  1.874e-05 -6.848e-03 -2.571e-01]
 [-5.346e-03 -1.552e+00  2.380e-01  4.365e+00 -2.114e-01  3.141e-03
   1.098e+00  1.099e+00 -6.661e-02 -3.171e-01]
 [-2.716e-02 -1.465e+00  2.232e-01  1.078e+00 -2.231e-01  6.472e-02
  -1.588e-04  1.611e-04  2.544e-02 -2.693e-03]
 [-7.251e-04 -6.189e-01  3.228e-03 -2.038e-01 -2.282e-01 -2.259e-01
   2.952e-03 -4.560e-04  6.305e-02  5.897e-02]
 [ 1.458e-03 -2.526e-02  2.118e-02  1.269e-02  3.001e-01  1.349e-03
  -6.270e-01  2.674e+00  1.648e-01 -2.902e-01]
 [ 1.317e-03 -8.480e-02  8.082e-02  4.974e-02  3.127e-01  6.169e-03
  -6.297e-01  2.672e+00  1.335e-01 -3.579e-01]
 [-4.376e-01 -2.350e-01  3.491e-01  5.206e-03  3.130e-01 -1.624e-02
  -6.688e-01  2.616e+00  6.516e-02 -3.782e-01]]
Question 46: Hit at (4, 6)? Answer y or n.n
[1, 0, 1, 1, 1]
[[ 1.957e-01 -2.263e-01  1.714e-01 -1.267e-01 -8.307e-01  1.390e-02
  -4.951e-02 -5.757e-04  1.303e-03  2.031e-03]
 [ 1.777e-01 -3.315e-02 -6.402e-02 -2.389e-01 -7.050e-01 -3.012e-04
  -7.135e-03  4.717e-04  1.467e-03  1.554e-02]
 [ 1.708e-01  4.781e-01  5.211e-01  3.025e-01 -9.943e-02  6.388e-01
   7.862e-03  3.097e-03  1.491e-03  2.264e-02]
 [-2.697e-03  2.241e+00 -6.571e-02 -2.805e-01 -6.789e-01  5.249e-02
   1.301e-02  1.712e-04  1.066e-03 -3.388e-01]
 [-2.208e-02  2.663e+00 -6.898e-02  7.259e-02  5.492e-02 -5.951e-02
   1.457e+00  1.455e+00 -7.679e-02 -4.237e-01]
 [-2.021e-02  2.563e+00  4.689e-01  5.647e-01  5.902e-01  7.424e-03
   3.058e-03  1.402e-03  2.061e-02 -3.920e-03]
 [-3.002e-02  2.464e+00  9.151e-04 -1.679e-01 -1.874e-01 -1.855e-01
  -9.972e-04 -8.653e-04  5.057e-02  8.090e-02]
 [-1.345e-02  5.670e-02  1.764e-02  9.704e-03  2.474e-01  3.536e-03
  -5.124e-01  2.076e+00  1.339e-01 -2.035e-01]
 [ 1.592e-03 -5.948e-02  8.029e-02  4.287e-02  2.591e-01  5.421e-03
  -5.161e-01  2.074e+00  1.089e-01 -2.936e-01]
 [-5.751e-01 -3.072e-01  4.568e-01  8.741e-03  2.591e-01 -5.899e-02
  -5.925e-01  1.985e+00  5.677e-02 -3.085e-01]]
Question 47: Hit at (2, 4)? Answer y or n.n
[1, 0, 1, 1, 1]
[[-8.818e-02  1.968e-01 -6.775e-02  3.903e-01  4.527e-01  1.017e-02
   3.913e-02 -1.852e-03  6.850e-03 -3.113e-03]
 [ 1.654e-01  2.339e-02 -2.851e-01  5.528e-01  5.376e-01  1.413e-02
   1.432e-02 -3.239e-04  8.167e-03  1.704e-02]
 [ 1.477e-01  1.035e+00  5.377e-01  1.323e+00  1.354e+00  8.281e-01
  -4.804e-03 -1.796e-03  8.462e-03  2.463e-02]
 [ 5.012e-03  4.189e-01 -2.857e-01  4.896e-01  5.225e-01 -1.605e-02
  -8.061e-03 -1.482e-04  8.720e-03 -3.267e-01]
 [ 1.188e-02  1.283e-01 -2.919e-01  3.926e-01  1.291e-01  4.558e-02
   1.425e+00  1.426e+00 -6.703e-02 -4.048e-01]
 [ 9.643e-03  2.386e-01  2.758e-01  6.466e-01  6.891e-01 -7.405e-04
  -1.789e-03 -5.477e-04  1.998e-02 -4.010e-03]
 [ 1.542e-02  3.049e-01 -7.225e-04 -1.676e-01 -1.880e-01 -1.862e-01
   4.255e-03  1.024e-04  5.183e-02  7.859e-02]
 [ 9.467e-03  1.302e-02  1.809e-02  1.087e-02  2.486e-01  3.551e-03
  -5.149e-01  2.086e+00  1.356e-01 -2.071e-01]
 [ 1.618e-03 -1.123e-01  8.108e-02  4.495e-02  2.602e-01  5.661e-03
  -5.183e-01  2.083e+00  1.106e-01 -2.951e-01]
 [-5.698e-01 -3.129e-01  4.435e-01  4.760e-03  2.602e-01 -5.927e-02
  -5.952e-01  1.994e+00  5.695e-02 -3.100e-01]]
Question 48: Hit at (2, 8)? Answer y or n.y
Sunk ship? 0 if nothing sunk otherwise size of ship.0
[1, 0, 1, 1, 1]
[[ 6.162e-01 -9.545e-01  5.059e-01  8.245e-02  3.320e+00 -5.002e-01
  -1.972e-01 -5.777e-04  2.380e-03  5.682e-03]
 [ 1.880e-01 -1.255e+00 -9.574e-02 -2.903e-01  3.633e+00 -8.775e-02
  -6.749e-02  1.222e-03  1.923e-03  1.229e-02]
 [ 1.808e-01 -6.951e-01  8.656e-01  7.189e-01  4.660e+00  8.953e-01
   1.707e-03 -9.709e-03  1.871e-03  1.819e-02]
 [-9.056e-03 -2.509e+00 -1.015e-01 -1.946e-01  3.769e+00 -1.193e-02
   6.254e-02  4.937e-04  7.377e-04 -3.287e-01]
 [-4.874e-02 -9.278e-01 -9.994e-02  1.053e-01  8.454e-02  1.143e-01
   1.413e+00  1.407e+00 -7.355e-02 -4.138e-01]
 [-6.709e-02 -1.463e+00  4.387e-01  5.740e-01  6.106e-01 -4.919e-02
   7.795e-03  3.196e-03  2.111e-02 -3.844e-03]
 [-7.304e-02 -7.571e-01  7.257e-04 -1.711e-01 -1.899e-01 -1.880e-01
  -5.997e-03 -1.831e-03  5.042e-02  7.751e-02]
 [-3.522e-02 -1.697e-02  1.823e-02  9.132e-03  2.510e-01  3.579e-03
  -5.197e-01  2.116e+00  1.346e-01 -2.112e-01]
 [ 1.417e-03 -1.342e-01  8.103e-02  4.343e-02  2.626e-01  5.220e-03
  -5.235e-01  2.113e+00  1.090e-01 -2.978e-01]
 [-5.504e-01 -2.988e-01  4.469e-01  1.230e-02  2.627e-01 -5.984e-02
  -6.009e-01  2.023e+00  5.747e-02 -3.129e-01]]
Question 49: Hit at (5, 7)? Answer y or n.n
[1, 0, 1, 1, 1]
[[-5.620e-02 -2.989e-01 -8.056e-01  3.379e+01  6.051e-01  6.634e-01
  -3.409e-02 -1.067e-01  8.904e-01 -1.143e-01]
 [ 3.914e-01 -1.931e+01 -3.218e+01  4.214e+01  7.013e+00  9.126e-01
   1.626e-02 -1.830e-02  9.083e-01 -1.049e-02]
 [ 4.981e-01 -1.712e+01 -4.076e+01  3.377e+01 -1.343e+00 -7.659e+00
   4.570e-03  1.852e-03  9.244e-01 -1.661e-02]
 [ 2.390e-01 -8.509e+00 -3.242e+01  4.211e+01  6.995e+00  7.939e-01
   8.758e-03 -4.135e-03  9.224e-01 -3.467e-01]
 [ 2.485e-01 -8.644e+00 -3.243e+01  4.189e+01  6.476e+00  1.069e+00
   1.372e+00  1.368e+00  8.746e-01 -4.010e-01]
 [-9.686e-02 -7.972e+00 -3.083e+01  9.115e+00  7.397e+00  4.797e-01
   1.133e-03 -5.732e-04 -4.478e-02 -3.574e-02]
 [ 2.655e-02  1.076e+01 -2.245e-01 -1.721e-01 -1.917e-01 -1.912e-01
   6.633e-03 -5.796e-04  5.792e-02  4.309e-02]
 [ 1.906e-02  5.797e-03  4.486e-02  1.102e-02  2.571e-01  3.647e-03
  -5.300e-01  2.142e+00  1.448e-01 -2.214e-01]
 [-3.997e-03 -1.072e-01  9.400e-02  3.918e-02  2.629e-01  5.515e-03
  -5.335e-01  2.139e+00  1.191e-01 -3.038e-01]
 [-5.431e-01 -2.973e-01  4.406e-01  3.155e-03  2.681e-01 -6.141e-02
  -6.126e-01  2.047e+00  5.837e-02 -3.191e-01]]
Question 50: Hit at (4, 10)? Answer y or n.n
[1, 0, 1, 1, 1]
[[-2.538e-02  1.410e-02  9.726e-04  8.560e-02  8.444e-01 -1.524e-01
   1.403e-02 -6.783e-03 -3.521e-02 -9.428e-03]
 [ 4.915e-01  4.708e-01  8.427e-01 -1.905e-01  6.991e-01 -3.273e-02
   8.574e-03  2.890e-03 -5.439e-03  4.125e-02]
 [ 4.506e-01  5.942e-01  1.207e+00  1.689e-01  1.070e+00  2.753e-01
  -1.133e-02  6.528e-03 -1.725e-03  5.818e-02]
 [-1.342e-02  3.662e-01  8.491e-01 -1.894e-01  7.001e-01 -1.028e-01
  -1.074e-02 -3.223e-03 -2.882e-03 -6.147e-01]
 [ 5.338e-02  3.355e-01  8.490e-01 -2.142e-01 -1.339e-01  3.232e-02
   2.892e+00  2.905e+00 -1.537e+00 -2.154e+00]
 [ 9.559e-02  3.347e-01  8.520e-01 -2.664e-01 -1.183e-01 -8.369e-02
  -1.339e-02 -6.827e-03  2.929e-02 -6.041e-03]
 [ 1.072e-01 -1.109e-01  7.370e-03 -2.303e-01 -2.603e-01 -2.576e-01
   1.591e-02  2.057e-03  6.979e-02  1.558e-01]
 [ 5.635e-02  4.710e-03  2.466e-02  1.665e-02  3.421e-01  4.946e-03
  -7.131e-01  2.881e+00  1.877e-01 -2.387e-01]
 [ 3.313e-03 -2.346e-01  1.345e-01  6.796e-02  3.607e-01  8.820e-03
  -7.175e-01  2.878e+00  1.558e-01 -4.086e-01]
 [-1.151e+00 -6.087e-01  8.870e-01  2.014e-03  3.600e-01 -8.206e-02
  -8.241e-01  2.754e+00  7.920e-02 -4.293e-01]]
Question 51: Hit at (3, 8)? Answer y or n.y
Sunk ship? 0 if nothing sunk otherwise size of ship.0
[1, 0, 1, 1, 1]
[[-2.647e-02  2.820e-02 -3.857e-03  9.130e-03  7.963e-01 -1.412e-01
   1.138e-02 -9.688e-03 -1.180e-02 -1.308e-02]
 [ 4.756e-01  3.449e-02  6.979e-01  1.971e-02  7.867e-01 -7.275e-03
   8.104e-03  2.348e-03  1.874e-02  3.954e-02]
 [ 4.358e-01  3.465e-01  1.000e+00  3.173e-01  1.094e+00  2.327e-01
  -1.313e-02  5.295e-03  2.294e-02  5.574e-02]
 [-8.090e-03  2.185e-01  7.033e-01  2.053e-02  7.875e-01 -8.174e-02
  -1.096e-02 -3.372e-03  2.174e-02 -5.979e-01]
 [ 6.174e-02  1.671e-01  7.032e-01 -6.432e-04  2.522e-03  6.832e-02
   2.806e+00  2.819e+00 -1.432e+00 -2.056e+00]
 [ 9.704e-02  1.880e-01  7.057e-01  1.475e-02  1.504e-02 -7.353e-02
  -1.382e-02 -7.056e-03  2.779e-02 -6.682e-03]
 [ 1.119e-01  1.725e-01  6.935e-03 -2.318e-01 -2.620e-01 -2.593e-01
   1.651e-02  2.135e-03  7.064e-02  1.503e-01]
 [ 5.881e-02  5.531e-03  2.548e-02  1.684e-02  3.445e-01  4.975e-03
  -7.179e-01  2.901e+00  1.892e-01 -2.464e-01]
 [ 3.081e-03 -2.259e-01  1.331e-01  6.784e-02  3.628e-01  8.831e-03
  -7.224e-01  2.897e+00  1.571e-01 -4.113e-01]
 [-1.118e+00 -5.923e-01  8.609e-01  1.323e-03  3.623e-01 -8.263e-02
  -8.297e-01  2.773e+00  7.972e-02 -4.322e-01]]
Question 52: Hit at (5, 10)? Answer y or n.n
[1, 0, 1, 1, 1]
[[-1.943e-01  1.377e-01 -1.180e-01 -1.372e-02 -5.073e-04 -7.499e-01
  -1.007e-02 -1.663e-02 -2.239e-02 -5.759e-02]
 [ 1.282e-01  1.692e-01 -3.492e-01  9.668e-02  6.777e-03 -4.345e-02
   3.833e-04  4.211e-03  9.309e-02  4.044e-02]
 [ 6.383e-03  1.597e+00  1.000e+00  1.452e+00  1.413e+00  1.036e+00
  -6.432e-02  2.620e-02  1.130e-01  5.599e-02]
 [-5.148e-02  1.072e+00 -3.524e-01  9.876e-02  1.068e-02 -4.012e-01
  -5.368e-02 -1.665e-02  1.066e-01 -1.926e-01]
 [ 3.155e-01  8.195e-01 -3.520e-01 -3.378e-03  1.237e-02  3.589e-01
   1.320e+00  1.357e+00 -2.252e-01 -4.923e-01]
 [ 4.891e-01  9.225e-01 -3.328e-01  1.525e-02  1.755e-02 -3.606e-01
  -6.817e-02 -3.563e-02  3.232e-02 -1.732e-03]
 [ 5.610e-01  8.465e-01 -1.715e-03 -2.207e-01 -2.594e-01 -2.566e-01
   6.897e-02  1.184e-02  7.983e-02  6.174e-02]
 [ 2.838e-01  2.032e-02  2.578e-02  2.597e-02  3.449e-01  4.909e-03
  -7.195e-01  2.904e+00  1.961e-01 -3.410e-01]
 [ 1.190e-03 -7.551e-02  9.784e-02  6.951e-02  3.593e-01  1.027e-02
  -7.222e-01  2.902e+00  1.683e-01 -4.129e-01]
 [-6.277e-01 -3.550e-01  3.818e-01 -4.260e-02  3.598e-01 -8.427e-02
  -8.317e-01  2.774e+00  7.881e-02 -4.333e-01]]
Question 53: Hit at (6, 8)? Answer y or n.y
Sunk ship? 0 if nothing sunk otherwise size of ship.5
[1, 0, 1, 1, 0]
[[-2.608e-01 -1.539e-01 -1.520e-01 -1.566e-01 -1.065e-05 -7.307e-01
  -1.485e-02 -2.127e-02 -2.862e-02 -7.700e-02]
 [ 4.414e-02  7.381e-06  7.882e-02 -4.122e-03 -2.022e-03 -4.263e-02
  -1.388e-03  5.095e-03  1.250e-01  5.011e-02]
 [-7.150e-02  9.206e-01  1.000e+00  9.205e-01  9.686e-01  5.814e-01
  -1.044e-01  1.704e-02  1.517e-01  6.899e-02]
 [-5.861e-02  1.110e+00  7.897e-02 -1.709e-03 -1.569e-03 -3.950e-01
  -7.204e-02 -2.236e-02  1.431e-01 -1.571e-01]
 [ 4.325e-01  1.109e+00  7.940e-02  1.607e-04  3.542e-05  3.499e-01
   1.239e+00  1.288e+00 -1.318e-01 -3.887e-01]
 [ 6.602e-01  1.136e+00  8.823e-02  1.014e-02  8.779e-03 -3.568e-01
  -9.151e-02 -4.790e-02  3.435e-02 -1.108e-03]
 [ 7.540e-01  1.136e+00  1.523e-03 -2.167e-01 -2.590e-01 -2.563e-01
   9.152e-02  1.601e-02  8.321e-02  5.728e-02]
 [ 3.808e-01  2.663e-02  2.610e-02  2.993e-02  3.461e-01  4.923e-03
  -7.222e-01  2.911e+00  1.997e-01 -3.473e-01]
 [ 1.109e-03 -6.253e-02  9.639e-02  7.297e-02  3.603e-01  1.127e-02
  -7.241e-01  2.911e+00  1.736e-01 -4.147e-01]
 [-6.280e-01 -3.631e-01  3.418e-01 -5.958e-02  3.608e-01 -8.455e-02
  -8.341e-01  2.781e+00  7.868e-02 -4.349e-01]]
Question 54: Hit at (1, 4)? Answer y or n.y
Sunk ship? 0 if nothing sunk otherwise size of ship.0
[1, 0, 1, 1, 0]
[[ 1.195e-02  2.144e-03  4.234e-03  3.699e-04 -1.237e-06  1.789e-03
   4.550e-03 -3.379e-03 -4.752e-03 -7.963e-04]
 [ 3.786e-01  5.213e-05  1.022e-01  3.725e-06 -2.357e-05  2.112e-03
   6.486e-03  1.962e-03 -4.447e-04  1.527e-02]
 [ 3.712e-01  8.970e-01  1.000e+00  8.968e-01  8.968e-01  8.911e-01
   2.061e-04 -9.107e-05 -4.456e-04  2.228e-02]
 [ 4.983e-01 -2.459e-03  1.030e-01 -1.960e-05  3.763e-07  9.112e-04
   1.405e-04  7.165e-05 -3.193e-04 -3.441e-01]
 [ 9.989e-01 -2.528e-03  1.029e-01  4.441e-05 -2.752e-06 -1.219e-03
   1.767e+00  1.767e+00 -6.059e-01 -9.518e-01]
 [ 1.019e+00 -2.693e-03  1.113e-01  9.451e-03  9.344e-03  7.578e-04
   2.892e-04  3.734e-04  2.652e-02 -4.090e-03]
 [ 9.989e-01 -2.717e-03  2.275e-03 -2.342e-01 -2.621e-01 -2.595e-01
   2.893e-03 -3.838e-04  7.007e-02  8.700e-02]
 [ 5.045e-01  1.827e-03  2.497e-02  1.446e-02  3.434e-01  4.866e-03
  -7.160e-01  2.910e+00  1.870e-01 -3.120e-01]
 [ 1.462e-03 -1.326e-01  1.075e-01  6.067e-02  3.589e-01  7.580e-03
  -7.209e-01  2.906e+00  1.539e-01 -4.100e-01]
 [-7.405e-01 -3.867e-01  5.615e-01  7.896e-03  3.590e-01 -8.811e-02
  -8.337e-01  2.776e+00  7.946e-02 -4.313e-01]]
Question 55: Hit at (1, 5)? Answer y or n.n
[1, 0, 1, 1, 0]
[[-3.269e-02 -1.753e-02 -1.628e-02 -1.967e-02 -1.425e-06 -9.207e-02
  -1.309e-03 -3.003e-03 -4.116e-03 -9.803e-03]
 [ 6.574e-02  4.490e-05  9.832e-02 -5.237e-04 -2.613e-04 -4.051e-03
   1.690e-03  1.978e-03  1.572e-02  3.543e-03]
 [ 6.960e-02  9.009e-01  1.000e+00  9.009e-01  9.069e-01  8.527e-01
  -1.318e-02  2.111e-03  1.909e-02  5.608e-03]
 [-7.342e-02  1.399e-01  9.904e-02 -1.967e-04 -2.004e-04 -4.977e-02
  -9.078e-03 -2.805e-03  1.808e-02 -6.463e-02]
 [-1.217e-01  1.397e-01  9.908e-02  4.602e-05  1.855e-06  4.410e-02
   3.673e-01  3.735e-01 -8.105e-02 -1.538e-01]
 [-1.243e-01  1.431e-01  1.057e-01  7.639e-03  7.437e-03 -4.501e-02
  -1.149e-02 -5.927e-03  2.230e-02 -7.291e-04]
 [ 9.355e-01  1.431e-01  1.836e-03 -1.879e-01 -2.122e-01 -2.101e-01
   1.388e-02  9.008e-04  5.920e-02  1.505e-02]
 [ 9.956e-01  4.770e-03  2.000e-02  1.354e-02  2.717e-01  1.879e-03
  -5.929e-01  3.006e+00  1.554e-01 -3.150e-01]
 [ 1.056e+00 -7.597e-03  6.001e-02  4.543e-02  2.814e-01  2.388e-03
  -6.042e-01  2.996e+00  1.205e-01 -3.390e-01]
 [ 1.649e+00  6.600e-01  1.222e-01 -5.919e-03  2.823e-01 -3.059e-01
  -9.268e-01  2.651e+00  5.237e-02 -3.617e-01]]
Question 56: Hit at (1, 1)? Answer y or n.n
[1, 0, 1, 1, 0]
[[ 2.231e-04  2.706e-03  3.989e-03  6.618e-04 -1.820e-07  3.583e-03
   1.130e-03 -5.953e-04 -9.008e-04  7.131e-04]
 [ 8.318e-02  5.758e-05  1.041e-01  1.422e-05 -2.426e-07  1.806e-03
   1.904e-03  1.573e-03 -2.913e-03 -3.296e-03]
 [ 8.774e-02  8.951e-01  1.000e+00  8.950e-01  8.948e-01  8.895e-01
  -1.709e-02 -3.887e-03 -3.515e-03 -3.156e-03]
 [ 2.336e-03 -5.229e-03  1.049e-01  2.530e-05  4.321e-06  1.884e-03
  -6.811e-03 -1.468e-03 -3.474e-03 -8.302e-02]
 [ 4.125e-03 -5.333e-03  1.049e-01  4.521e-05  1.011e-06 -1.857e-03
   3.958e-01  4.011e-01 -1.246e-01 -2.007e-01]
 [ 4.212e-03 -5.638e-03  1.115e-01  7.671e-03  7.621e-03  1.666e-03
  -5.818e-03 -1.100e-03  2.103e-02 -1.450e-03]
 [ 1.028e+00 -5.748e-03  1.968e-03 -1.928e-01 -2.158e-01 -2.136e-01
   1.271e-02  1.016e-03  5.793e-02  1.685e-02]
 [ 1.027e+00  3.715e-03  2.246e-02  1.191e-02  2.755e-01  1.875e-03
  -5.943e-01  3.013e+00  1.546e-01 -3.227e-01]
 [ 1.024e+00 -1.236e-02  6.351e-02  4.413e-02  2.855e-01  5.528e-03
  -5.992e-01  3.010e+00  1.251e-01 -3.454e-01]
 [ 1.596e+00  6.521e-01  1.357e-01 -7.262e-03  2.863e-01 -3.082e-01
  -9.310e-01  2.656e+00  5.245e-02 -3.718e-01]]
Question 57: Hit at (1, 3)? Answer y or n.y
Sunk ship? 0 if nothing sunk otherwise size of ship.0
[1, 0, 1, 1, 0]
[[ 8.272e-03  1.472e-03  3.325e-03  9.833e-07 -1.067e-06  4.948e-05
   3.262e-03 -2.463e-03 -3.472e-03 -7.232e-04]
 [ 2.807e-01  5.681e-05  1.039e-01 -4.908e-06 -2.107e-05  1.627e-03
   4.854e-03  1.603e-03 -1.086e-04  1.026e-02]
 [ 2.794e-01  8.953e-01  1.000e+00  8.951e-01  8.952e-01  8.880e-01
  -6.908e-05 -4.836e-05 -7.085e-05  1.519e-02]
 [ 3.744e-03  3.874e-04  1.048e-01 -1.328e-05 -3.264e-06 -1.649e-05
  -3.721e-05  1.096e-05  1.116e-05 -2.412e-01]
 [ 2.320e-03  3.426e-05  1.047e-01  3.634e-05 -2.776e-06 -2.489e-04
   1.283e+00  1.283e+00 -3.881e-01 -6.302e-01]
 [ 2.420e-03  1.261e-05  1.114e-01  7.698e-03  7.614e-03 -6.754e-05
   8.192e-05  1.953e-04  2.147e-02 -2.956e-03]
 [ 1.000e+00 -3.740e-05  2.015e-03 -1.926e-01 -2.158e-01 -2.136e-01
   2.732e-03 -1.074e-03  5.696e-02  6.886e-02]
 [ 1.004e+00  3.993e-03  2.245e-02  1.195e-02  2.754e-01  1.907e-03
  -5.940e-01  3.011e+00  1.546e-01 -2.682e-01]
 [ 1.002e+00 -9.299e-02  8.542e-02  4.827e-02  2.872e-01  5.839e-03
  -5.992e-01  3.007e+00  1.249e-01 -3.454e-01]
 [ 6.644e-01 -8.182e-02  4.201e-01  5.745e-03  2.876e-01 -3.061e-01
  -9.289e-01  2.655e+00  5.250e-02 -3.716e-01]]
Question 58: Hit at (1, 2)? Answer y or n.y
Sunk ship? 0 if nothing sunk otherwise size of ship.3
[1, 0, 0, 1, 0]
[[ 5.698e-03  1.673e-03  3.324e-03  9.113e-08 -7.706e-07  4.159e-05
   2.478e-03 -1.836e-03 -2.609e-03 -5.564e-04]
 [ 2.115e-01  5.697e-05  1.039e-01 -4.965e-06 -1.704e-05  1.616e-03
   4.064e-03  1.603e-03 -7.949e-05  6.266e-03]
 [ 2.122e-01  8.953e-01  1.000e+00  8.952e-01  8.952e-01  8.880e-01
  -3.538e-05 -4.087e-05 -6.315e-05  9.654e-03]
 [ 2.957e-03  3.052e-04  1.048e-01 -2.566e-06 -3.276e-06 -2.208e-05
  -2.366e-05  1.401e-05  1.579e-05 -1.844e-01]
 [-5.471e-06  3.788e-05  1.047e-01  3.628e-05 -2.874e-06 -1.889e-04
   9.709e-01  9.710e-01 -2.938e-01 -4.773e-01]
 [ 9.199e-05  2.120e-05  1.114e-01  7.689e-03  7.615e-03 -6.972e-05
   8.876e-05  1.982e-04  2.147e-02 -2.275e-03]
 [ 1.000e+00 -2.988e-05  2.002e-03 -1.926e-01 -2.158e-01 -2.136e-01
   2.713e-03 -1.072e-03  5.732e-02  5.054e-02]
 [ 1.003e+00  4.022e-03  2.245e-02  1.196e-02  2.754e-01  1.902e-03
  -5.940e-01  3.009e+00  1.546e-01 -2.875e-01]
 [ 1.003e+00 -6.431e-02  7.763e-02  4.681e-02  2.866e-01  5.687e-03
  -5.991e-01  3.005e+00  1.249e-01 -3.455e-01]
 [ 9.907e-01  1.811e-01  3.229e-01  4.718e-03  2.871e-01 -3.041e-01
  -9.267e-01  2.655e+00  5.254e-02 -3.717e-01]]
Question 59: Hit at (5, 2)? Answer y or n.n
[1, 0, 0, 1, 0]
[[ 5.293e-03  2.096e-03  3.748e-03  9.059e-08 -7.438e-07  4.740e-05
   2.489e-03 -1.819e-03 -2.598e-03 -5.635e-04]
 [ 2.113e-01  5.698e-05  1.038e-01 -5.897e-06 -1.735e-05  1.908e-03
   4.363e-03  1.898e-03 -7.944e-05  5.153e-03]
 [ 2.120e-01  8.954e-01  1.000e+00  8.953e-01  8.953e-01  8.882e-01
  -3.883e-05 -4.845e-05 -7.281e-05  8.294e-03]
 [ 3.056e-03  3.057e-04  1.046e-01  3.037e-06 -3.360e-06 -2.793e-05
  -2.794e-05  1.671e-05  1.903e-05 -1.863e-01]
 [-5.662e-06  3.791e-05  1.046e-01  4.292e-05 -2.935e-06 -1.906e-04
   9.726e-01  9.726e-01 -2.945e-01 -4.787e-01]
 [ 9.181e-05  2.123e-05  1.126e-01  9.095e-03  9.014e-03 -8.247e-05
   9.166e-05  1.953e-04  2.504e-02 -2.326e-03]
 [ 1.000e+00 -2.988e-05  2.210e-03 -2.318e-01 -2.573e-01 -2.571e-01
   3.526e-03 -4.030e-03  6.707e-02  5.277e-02]
 [ 1.003e+00  4.764e-03  2.588e-02  1.374e-02 -3.280e-02 -3.097e-03
  -7.394e-01  6.168e+00  1.907e-01 -3.598e-01]
 [ 1.003e+00 -5.944e-02  7.824e-02  4.632e-02 -2.956e-02  6.885e-03
  -7.491e-01  6.160e+00  1.478e-01 -4.203e-01]
 [ 9.907e-01  1.807e-01  3.259e-01  5.086e-03 -2.117e-02 -2.852e+00
  -3.650e+00  3.195e+00  3.573e-03 -4.916e-01]]
Question 60: Hit at (1, 9)? Answer y or n.n
[1, 0, 0, 1, 0]
[[ 2.015e-03  1.927e-03  3.745e-03  1.150e-07 -9.983e-07  4.997e-05
   3.158e-03 -2.355e-03 -3.337e-03 -7.061e-04]
 [ 5.919e-04  5.665e-05  1.036e-01 -5.835e-06 -2.079e-05  1.905e-03
   5.026e-03  1.886e-03 -1.014e-04  8.341e-03]
 [ 1.238e-02  8.956e-01  1.000e+00  8.955e-01  8.955e-01  8.865e-01
  -4.257e-05 -4.888e-05 -7.507e-05  1.267e-02]
 [ 3.108e-03  3.821e-04  1.044e-01 -6.336e-06 -3.350e-06 -2.505e-05
  -1.826e-05  1.792e-05  1.988e-05 -2.353e-01]
 [-7.241e-06  4.071e-05  1.043e-01  4.271e-05 -2.850e-06 -1.988e-04
   1.238e+00  1.239e+00 -3.751e-01 -6.095e-01]
 [ 9.203e-05  2.015e-05  1.124e-01  9.051e-03  8.962e-03 -8.206e-05
  -9.926e-04  1.961e-04  2.488e-02 -2.881e-03]
 [ 1.001e+00 -2.980e-05  2.203e-03 -2.304e-01 -2.557e-01 -2.555e-01
   2.403e-03 -3.970e-03  6.639e-02  6.952e-02]
 [ 1.004e+00  4.731e-03  2.298e-02  1.364e-02 -3.260e-02 -3.027e-03
  -7.342e-01  6.086e+00  1.896e-01 -3.319e-01]
 [ 1.005e+00 -8.352e-02  8.230e-02  4.779e-02 -2.938e-02  6.835e-03
  -7.438e-01  6.078e+00  1.470e-01 -4.097e-01]
 [ 9.882e-01  2.303e-01  4.058e-01  5.988e-03 -2.105e-02 -2.789e+00
  -3.582e+00  3.177e+00  4.618e-03 -4.800e-01]]
Question 61: Hit at (2, 1)? Answer y or n.n
[1, 0, 0, 1, 0]
[[ 1.755e-03  1.662e-03  3.719e-03  1.490e-07 -1.353e-06  5.348e-05
   4.090e-03 -3.102e-03 -4.365e-03 -9.048e-04]
 [ 7.500e-04  5.643e-05  1.036e-01 -5.737e-06 -2.559e-05  1.897e-03
   5.947e-03  1.865e-03 -1.319e-04  1.279e-02]
 [ 1.335e-02  8.956e-01  1.000e+00  8.955e-01  8.955e-01  8.865e-01
  -4.760e-05 -4.934e-05 -7.810e-05  1.877e-02]
 [ 4.042e-03  4.883e-04  1.044e-01 -1.946e-05 -3.342e-06 -2.098e-05
  -4.217e-06  1.962e-05  2.104e-05 -3.036e-01]
 [-9.421e-06  4.469e-05  1.043e-01  4.235e-05 -2.739e-06 -2.086e-04
   1.608e+00  1.610e+00 -4.873e-01 -7.918e-01]
 [ 9.375e-05  1.871e-05  1.123e-01  8.973e-03  8.872e-03 -8.134e-05
  -2.545e-03  1.962e-04  2.461e-02 -3.655e-03]
 [ 1.001e+00 -2.976e-05  2.192e-03 -2.281e-01 -2.532e-01 -2.529e-01
   7.997e-04 -3.927e-03  6.528e-02  9.293e-02]
 [ 1.005e+00  4.905e-03  3.474e-02  1.348e-02 -3.225e-02 -2.978e-03
  -7.275e-01  6.028e+00  1.877e-01 -2.924e-01]
 [ 1.006e+00  2.607e-02  9.943e-02  4.549e-02 -2.908e-02  6.765e-03
  -7.371e-01  6.021e+00  1.455e-01 -3.945e-01]
 [ 1.001e+00  3.629e-04  7.059e-02  7.242e-03 -2.081e-02 -2.761e+00
  -3.548e+00  3.147e+00  4.533e-03 -4.642e-01]]
Question 62: Hit at (3, 7)? Answer y or n.n
[1, 0, 0, 1, 0]
[[ 1.757e-03  1.664e-03  2.696e-03  1.861e-07 -1.353e-06  5.438e-05
   4.089e-03 -3.101e-03 -4.365e-03 -9.047e-04]
 [ 7.492e-04  6.401e-05 -3.171e-07  2.335e-08 -5.070e-06  1.901e-03
   5.945e-03  1.864e-03 -1.319e-04  1.279e-02]
 [ 1.440e-02  1.000e+00  1.000e+00  1.000e+00  1.000e+00  9.899e-01
  -4.968e-05 -4.933e-05 -7.807e-05  1.877e-02]
 [ 4.038e-03  4.672e-04 -3.728e-07  4.382e-05 -3.773e-06 -1.793e-05
  -4.217e-06  1.961e-05  2.103e-05 -3.036e-01]
 [-9.419e-06  4.787e-05 -1.152e-04  4.330e-05 -3.065e-06 -2.083e-04
   1.607e+00  1.610e+00 -4.873e-01 -7.918e-01]
 [ 9.375e-05  1.745e-05  9.889e-03  1.001e-02  9.904e-03 -8.131e-05
  -2.544e-03  1.961e-04  2.460e-02 -3.655e-03]
 [ 1.001e+00 -3.324e-05  1.373e-03 -2.280e-01 -2.531e-01 -2.528e-01
   7.993e-04 -3.925e-03  6.524e-02  9.293e-02]
 [ 1.005e+00  4.902e-03  3.472e-02  1.347e-02 -3.224e-02 -2.976e-03
  -7.271e-01  6.025e+00  1.876e-01 -2.922e-01]
 [ 1.006e+00  2.605e-02  9.940e-02  4.547e-02 -2.907e-02  6.762e-03
  -7.367e-01  6.017e+00  1.454e-01 -3.943e-01]
 [ 1.001e+00  3.629e-04  7.057e-02  7.240e-03 -2.079e-02 -2.759e+00
  -3.546e+00  3.146e+00  4.529e-03 -4.640e-01]]
Question 63: Hit at (3, 2)? Answer y or n.n
[1, 0, 0, 1, 0]
[[ 1.818e-03  1.722e-03  2.799e-03  1.938e-07 -1.413e-06  5.654e-05
   4.267e-03 -3.237e-03 -4.556e-03 -9.437e-04]
 [ 7.815e-04  6.401e-05 -3.155e-07  2.484e-08 -5.143e-06  1.973e-03
   6.193e-03  1.935e-03 -1.376e-04  1.333e-02]
 [ 1.459e-02  1.000e+00  1.000e+00  1.000e+00  1.000e+00  9.899e-01
  -5.156e-05 -5.133e-05 -8.105e-05  1.955e-02]
 [ 4.214e-03  4.862e-04 -3.734e-07  4.549e-05 -3.797e-06 -1.853e-05
  -1.805e-06  2.073e-05  2.216e-05 -3.169e-01]
 [-9.879e-06  4.862e-05 -1.202e-04  4.495e-05 -3.060e-06 -2.074e-04
   1.677e+00  1.681e+00 -5.085e-01 -8.264e-01]
 [ 9.383e-05  1.701e-05  1.026e-02  1.039e-02  1.028e-02 -8.440e-05
  -2.920e-03  1.990e-04  2.546e-02 -3.811e-03]
 [ 1.001e+00 -3.323e-05  1.805e-04 -2.373e-01 -2.635e-01 -2.633e-01
   6.121e-04 -4.427e-03  6.751e-02  9.817e-02]
 [ 1.005e+00  5.171e-03  3.499e-03  1.418e-02 -3.354e-02 -3.484e-03
  -7.689e-01  6.756e+00  1.954e-01 -3.020e-01]
 [ 1.006e+00  1.853e-03  3.596e-03  2.312e-02 -2.949e-02  7.110e-03
  -7.793e-01  6.748e+00  1.509e-01 -4.096e-01]
 [ 1.001e+00  3.932e-04 -1.841e-04  7.706e-03 -2.144e-02 -3.359e+00
  -4.195e+00  3.260e+00 -6.519e-03 -4.896e-01]]
Question 64: Hit at (10, 4)? Answer y or n.n
[1, 0, 0, 1, 0]
[[ 1.739e-03  1.638e-03  2.841e-03  2.123e-07 -1.597e-06  5.920e-05
   4.763e-03 -3.631e-03 -5.100e-03 -1.050e-03]
 [ 8.667e-04  6.401e-05 -3.117e-07  2.580e-08 -5.166e-06  2.008e-03
   6.722e-03  1.963e-03 -1.539e-04  1.556e-02]
 [ 1.511e-02  1.000e+00  1.000e+00  1.000e+00  1.000e+00  9.899e-01
  -5.472e-05 -5.260e-05 -8.397e-05  2.264e-02]
 [ 4.709e-03  5.396e-04 -3.737e-07  4.628e-05 -3.806e-06 -1.710e-05
   4.226e-06  2.184e-05  2.309e-05 -3.533e-01]
 [-1.107e-05  5.073e-05 -1.343e-04  4.565e-05 -3.009e-06 -2.159e-04
   1.874e+00  1.878e+00 -5.682e-01 -9.233e-01]
 [ 9.415e-05  1.574e-05  1.041e-02  1.056e-02  1.044e-02 -8.572e-05
  -3.661e-03  2.026e-04  2.580e-02 -7.178e-04]
 [ 1.001e+00 -3.321e-05  1.909e-04 -2.408e-01 -2.674e-01 -2.671e-01
  -9.818e-05 -4.457e-03  7.038e-02 -7.756e-04]
 [ 1.006e+00  5.235e-03  3.544e-03  1.438e-02 -3.404e-02 -3.484e-03
  -7.791e-01  6.800e+00  1.982e-01 -4.515e-01]
 [ 1.007e+00  1.860e-03  3.551e-03  2.429e-02 -2.994e-02  7.205e-03
  -7.896e-01  6.792e+00  1.531e-01 -4.497e-01]
 [ 1.001e+00  4.383e-04 -4.594e-04  8.424e-03 -2.176e-02 -3.350e+00
  -4.198e+00  3.312e+00 -5.305e-03 -5.360e-01]]
Question 65: Hit at (9, 5)? Answer y or n.n
[1, 0, 0, 1, 0]
[[ 1.776e-03  1.674e-03  2.878e-03  2.129e-07 -1.596e-06  5.972e-05
   4.766e-03 -3.631e-03 -5.102e-03 -1.051e-03]
 [ 8.679e-04  6.401e-05 -3.116e-07  2.629e-08 -5.193e-06  2.033e-03
   6.749e-03  1.989e-03 -1.539e-04  1.547e-02]
 [ 1.511e-02  1.000e+00  1.000e+00  1.000e+00  1.000e+00  9.899e-01
  -5.502e-05 -5.325e-05 -8.479e-05  2.252e-02]
 [ 4.712e-03  5.399e-04 -3.740e-07  4.686e-05 -3.814e-06 -1.756e-05
   4.350e-06  2.215e-05  3.957e-05 -3.537e-01]
 [-1.109e-05  5.074e-05 -1.343e-04  4.624e-05 -3.014e-06 -2.144e-04
   1.875e+00  1.879e+00 -5.676e-01 -9.235e-01]
 [ 9.414e-05  1.574e-05  1.054e-02  1.069e-02  1.057e-02 -8.682e-05
  -3.715e-03 -1.181e-04 -6.015e-04 -1.039e-03]
 [ 1.001e+00 -3.321e-05  1.923e-04 -2.443e-01 -2.713e-01 -2.710e-01
  -1.274e-05 -4.622e-03  4.546e-02 -7.948e-04]
 [ 1.006e+00  5.304e-03  3.590e-03  1.458e-02 -3.448e-02 -3.703e-03
  -7.964e-01  7.119e+00  1.761e-01 -4.586e-01]
 [ 1.007e+00  1.886e-03  3.610e-03  2.450e-02 -3.033e-02  7.346e-03
  -8.071e-01  7.111e+00  1.572e-01 -4.568e-01]
 [ 1.001e+00  4.386e-04 -4.282e-04  8.454e-03 -2.198e-02 -3.611e+00
  -4.480e+00  3.361e+00 -8.998e-03 -5.477e-01]]
Question 66: Hit at (4, 2)? Answer y or n.n
[1, 0, 0, 1, 0]
[[ 1.790e-03  1.687e-03  2.903e-03  2.148e-07 -1.611e-06  6.025e-05
   4.811e-03 -3.666e-03 -5.150e-03 -1.061e-03]
 [ 8.761e-04  6.401e-05 -3.112e-07  2.665e-08 -5.211e-06  2.051e-03
   6.812e-03  2.006e-03 -1.554e-04  1.561e-02]
 [ 1.516e-02  1.000e+00  1.000e+00  1.000e+00  1.000e+00  9.899e-01
  -5.548e-05 -5.374e-05 -8.552e-05  2.271e-02]
 [ 4.756e-03  5.447e-04 -3.741e-07  4.727e-05 -3.820e-06 -1.769e-05
   5.046e-06  2.244e-05  4.005e-05 -3.571e-01]
 [-1.121e-05  5.093e-05 -1.356e-04  4.664e-05 -3.013e-06 -2.139e-04
   1.893e+00  1.897e+00 -5.730e-01 -9.323e-01]
 [ 9.416e-05  1.562e-05  1.064e-02  1.078e-02  1.066e-02 -8.757e-05
  -3.817e-03 -1.203e-04 -6.062e-04 -1.048e-03]
 [ 1.001e+00 -3.321e-05  1.942e-04 -2.595e-01 -2.752e-01 -2.749e-01
  -6.462e-05 -4.754e-03  4.583e-02 -8.011e-04]
 [ 1.006e+00  5.385e-03  3.630e-03  1.824e-03 -3.481e-02 -3.830e-03
  -8.075e-01  7.314e+00  1.779e-01 -4.634e-01]
 [ 1.007e+00 -1.080e-04  1.685e-03  8.348e-04 -3.060e-02  7.382e-03
  -8.184e-01  7.305e+00  1.585e-01 -4.615e-01]
 [ 1.001e+00  4.423e-04 -4.374e-04 -1.741e-03 -2.212e-02 -3.768e+00
  -4.650e+00  3.394e+00 -1.203e-02 -5.552e-01]]
Question 67: Hit at (10, 8)? Answer y or n.n
[1, 0, 0, 1, 0]
[[ 1.726e-03  1.623e-03  2.885e-03  2.212e-07 -1.681e-06  6.075e-05
   4.991e-03 -3.811e-03 -5.350e-03 -9.642e-04]
 [ 9.064e-04  6.401e-05 -3.099e-07  2.656e-08 -5.194e-06  2.041e-03
   6.981e-03  1.993e-03 -1.631e-04 -6.777e-03]
 [ 1.535e-02  1.000e+00  1.000e+00  1.000e+00  1.000e+00  9.899e-01
  -5.626e-05 -2.596e-05 -3.908e-05 -9.888e-03]
 [ 4.937e-03  5.642e-04 -3.740e-07  4.703e-05 -3.815e-06 -1.675e-05
   7.506e-06  2.274e-05  4.036e-05 -3.668e-01]
 [-1.163e-05  5.170e-05 -1.407e-04  4.636e-05 -2.990e-06 -2.173e-04
   1.964e+00  1.969e+00 -5.930e-01 -9.584e-01]
 [ 9.429e-05  1.516e-05  1.056e-02  1.072e-02  1.059e-02 -8.704e-05
  -4.076e-03 -1.180e-04 -6.025e-04 -1.085e-03]
 [ 1.001e+00 -3.320e-05  1.967e-04 -2.577e-01 -2.733e-01 -2.730e-01
  -3.661e-04 -4.653e-03  4.556e-02 -7.652e-04]
 [ 1.006e+00  5.344e-03  3.603e-03  1.812e-03 -3.459e-02 -3.728e-03
  -7.994e-01  7.167e+00  1.766e-01 -4.598e-01]
 [ 1.007e+00 -1.167e-04  1.626e-03  8.352e-04 -3.040e-02  7.312e-03
  -8.101e-01  7.158e+00  1.576e-01 -4.580e-01]
 [ 1.001e+00  4.586e-04 -5.680e-04 -1.835e-03 -2.201e-02 -3.648e+00
  -4.520e+00  3.371e+00 -9.706e-03 -5.496e-01]]
Question 68: Hit at (4, 5)? Answer y or n.n
[1, 0, 0, 1, 0]
[[ 1.742e-03  1.638e-03  2.901e-03  2.214e-07 -1.681e-06  6.098e-05
   4.993e-03 -3.812e-03 -5.351e-03 -9.640e-04]
 [ 9.071e-04  6.401e-05 -3.136e-07  4.465e-08 -5.240e-06  2.052e-03
   6.994e-03  2.004e-03 -1.632e-04 -6.778e-03]
 [ 1.535e-02  1.000e+00  1.000e+00  1.000e+00  1.000e+00  9.899e-01
  -5.640e-05 -2.608e-05 -3.928e-05 -9.891e-03]
 [ 4.939e-03  5.644e-04 -3.780e-07  2.416e-06 -3.855e-06 -1.694e-05
   7.584e-06  2.288e-05  4.060e-05 -3.670e-01]
 [-1.164e-05  5.171e-05 -1.423e-04  2.667e-06 -3.022e-06 -2.166e-04
   1.965e+00  1.969e+00 -5.933e-01 -9.588e-01]
 [ 9.428e-05  1.463e-05  1.424e-04  3.326e-04  3.215e-04 -9.588e-06
  -4.099e-03 -1.196e-04 -6.056e-04 -1.085e-03]
 [ 1.001e+00 -3.320e-05  1.974e-04 -2.593e-01 -2.749e-01 -2.747e-01
  -3.557e-04 -4.742e-03  4.579e-02 -7.732e-04]
 [ 1.006e+00  5.375e-03  3.623e-03  1.822e-03 -3.478e-02 -3.816e-03
  -8.067e-01  7.298e+00  1.777e-01 -4.629e-01]
 [ 1.007e+00 -1.162e-04  1.641e-03  8.394e-04 -3.057e-02  7.372e-03
  -8.176e-01  7.289e+00  1.584e-01 -4.610e-01]
 [ 1.001e+00  4.588e-04 -5.550e-04 -1.831e-03 -2.210e-02 -3.755e+00
  -4.636e+00  3.392e+00 -1.179e-02 -5.545e-01]]
Question 69: Hit at (6, 2)? Answer y or n.y
Sunk ship? 0 if nothing sunk otherwise size of ship.4
[1, 0, 0, 0, 0]
[[-1.768e-03 -1.784e-03 -5.577e-04  1.744e-07 -1.854e-06  1.225e-05
   4.791e-03 -3.864e-03 -5.307e-03 -1.049e-03]
 [ 8.037e-04  6.401e-05 -3.185e-07 -6.297e-10 -2.676e-06 -3.134e-04
   4.461e-03 -3.855e-04 -1.589e-04 -6.819e-03]
 [ 1.511e-02  1.000e+00  1.000e+00  1.000e+00  1.000e+00  9.899e-01
  -2.776e-05  1.576e-06  3.660e-06 -9.902e-03]
 [ 4.801e-03  5.484e-04 -3.534e-07  1.006e-06 -3.004e-06  2.602e-05
  -8.172e-06 -6.781e-06 -1.121e-05 -3.567e-01]
 [-9.827e-06  5.108e-05 -1.386e-04  9.167e-07 -2.516e-06 -3.800e-04
   1.907e+00  1.906e+00 -5.755e-01 -9.304e-01]
 [ 9.565e-05  1.502e-05 -2.438e-04 -6.152e-05 -6.605e-05  1.186e-06
   8.059e-04 -6.697e-06  1.287e-04 -1.157e-03]
 [ 9.999e-01 -3.321e-05  6.441e-05  4.074e-02  4.322e-02  1.613e-02
   1.462e-04 -1.529e-03 -9.678e-03  8.045e-04]
 [ 1.005e+00 -1.226e-03 -8.387e-04 -3.362e-04  6.624e-03 -4.251e-01
   5.354e-02  2.214e+00 -2.890e-02  7.028e-02]
 [ 1.006e+00 -2.356e-04 -1.638e-03 -1.253e-04  4.238e-03 -3.853e-01
   9.210e-02  2.253e+00 -3.071e-02  6.980e-02]
 [ 1.001e+00  4.326e-04 -3.544e-03 -2.366e-03  5.967e-03 -3.129e-01
   1.486e-01  2.273e+00 -7.341e-02  3.535e-02]]
Question 70: Hit at (10, 3)? Answer y or n.n
[1, 0, 0, 0, 0]
[[-1.797e-03 -1.811e-03 -6.077e-04  1.706e-07 -1.824e-06  1.118e-05
   4.701e-03 -3.795e-03 -5.211e-03 -1.031e-03]
 [ 7.875e-04  6.401e-05 -3.193e-07 -1.355e-09 -2.640e-06 -3.488e-04
   4.337e-03 -4.200e-04 -1.560e-04 -6.697e-03]
 [ 1.502e-02  1.000e+00  1.000e+00  1.000e+00  1.000e+00  9.899e-01
  -2.736e-05  1.973e-06  4.339e-06 -9.724e-03]
 [ 4.712e-03  5.388e-04 -3.531e-07  9.639e-07 -2.992e-06  2.630e-05
  -8.397e-06 -7.195e-06 -1.191e-05 -3.500e-01]
 [-9.595e-06  5.070e-05 -1.361e-04  8.700e-07 -2.519e-06 -3.760e-04
   1.871e+00  1.871e+00 -5.648e-01 -9.132e-01]
 [ 9.561e-05  1.526e-05 -2.461e-04 -6.725e-05 -7.164e-05  1.349e-06
   8.759e-04 -6.336e-06  1.402e-04 -1.131e-03]
 [ 9.999e-01 -3.321e-05  6.096e-05  4.439e-02  4.709e-02  1.764e-02
   1.586e-04 -1.578e-03 -1.054e-02  1.479e-04]
 [ 1.005e+00 -1.319e-03 -9.023e-04 -3.641e-04  7.220e-03 -4.624e-01
   5.814e-02  2.172e+00 -3.186e-02  1.021e-01]
 [ 1.006e+00 -2.335e-04 -1.666e-03 -1.510e-04  4.666e-03 -4.103e-01
   1.091e-01  2.224e+00 -3.347e-02  1.025e-01]
 [ 1.001e+00  4.243e-04 -3.532e-03 -2.324e-03  6.489e-03 -3.177e-01
   2.030e-01  2.278e+00 -7.756e-02  6.533e-02]]
Question 71: Hit at (5, 3)? Answer y or n.n
[1, 0, 0, 0, 0]
[[-1.798e-03 -1.811e-03 -6.129e-04  1.698e-07 -1.817e-06  1.103e-05
   4.682e-03 -3.780e-03 -5.190e-03 -1.027e-03]
 [ 7.840e-04  6.401e-05 -3.194e-07 -1.440e-09 -2.637e-06 -3.526e-04
   4.314e-03 -4.236e-04 -1.553e-04 -6.669e-03]
 [ 1.500e-02  1.000e+00  1.000e+00  1.000e+00  1.000e+00  9.899e-01
  -2.732e-05  2.015e-06  4.417e-06 -9.684e-03]
 [ 4.693e-03  5.366e-04 -3.530e-07  9.569e-07 -2.991e-06  2.628e-05
  -8.419e-06 -7.237e-06 -1.198e-05 -3.486e-01]
 [-9.546e-06  5.061e-05 -1.355e-04  8.625e-07 -2.520e-06 -3.748e-04
   1.863e+00  1.863e+00 -5.625e-01 -9.094e-01]
 [ 9.560e-05  1.531e-05 -2.460e-04 -6.786e-05 -7.219e-05  1.367e-06
   8.833e-04 -6.283e-06  1.414e-04 -1.126e-03]
 [ 9.999e-01 -3.321e-05  6.053e-05  4.478e-02  4.749e-02  1.780e-02
   1.600e-04 -1.582e-03 -1.063e-02  1.518e-04]
 [ 1.005e+00 -1.329e-03 -5.644e-04  3.528e-06  1.002e-02 -4.663e-01
   5.862e-02  2.167e+00 -3.216e-02  1.030e-01]
 [ 1.006e+00 -2.328e-04 -1.666e-03 -1.538e-04  7.057e-03 -4.130e-01
   1.108e-01  2.221e+00 -3.377e-02  1.034e-01]
 [ 1.001e+00  4.226e-04 -3.524e-03 -2.313e-03  8.906e-03 -3.183e-01
   2.105e-01  2.281e+00 -7.767e-02  6.627e-02]]
Question 72: Hit at (1, 7)? Answer y or n.n
[1, 0, 0, 0, 0]
[[-1.804e-03 -1.817e-03 -6.131e-04  1.706e-07 -1.825e-06  1.112e-05
   4.704e-03 -3.798e-03 -5.214e-03 -1.032e-03]
 [ 7.861e-04  6.404e-05 -3.193e-07 -1.424e-09 -2.636e-06 -3.524e-04
   4.336e-03 -4.237e-04 -1.561e-04 -6.701e-03]
 [ 1.085e-02  1.000e+00  1.000e+00  1.000e+00  1.000e+00  9.899e-01
  -2.745e-05  1.988e-06  4.402e-06 -9.730e-03]
 [-8.694e-06  2.969e-05 -3.530e-07  9.624e-07 -2.991e-06  2.637e-05
  -8.560e-06 -7.266e-06 -1.201e-05 -3.502e-01]
 [-9.833e-06  5.072e-05 -1.362e-04  8.680e-07 -2.517e-06 -3.767e-04
   1.872e+00  1.872e+00 -5.651e-01 -9.137e-01]
 [ 9.536e-05  1.527e-05 -2.468e-04 -6.786e-05 -7.221e-05  1.365e-06
   8.918e-04 -6.291e-06  1.414e-04 -1.131e-03]
 [ 9.999e-01 -3.323e-05  6.092e-05  4.479e-02  4.750e-02  1.780e-02
   1.684e-04 -1.582e-03 -1.063e-02  1.510e-04]
 [ 1.005e+00 -1.330e-03 -5.650e-04  3.550e-06  1.002e-02 -4.664e-01
   5.863e-02  2.167e+00 -3.217e-02  1.030e-01]
 [ 1.006e+00 -2.338e-04 -1.671e-03 -1.532e-04  7.057e-03 -4.131e-01
   1.108e-01  2.221e+00 -3.377e-02  1.034e-01]
 [ 1.001e+00  4.246e-04 -3.538e-03 -2.324e-03  8.909e-03 -3.184e-01
   2.107e-01  2.281e+00 -7.767e-02  6.630e-02]]
Question 73: Hit at (7, 10)? Answer y or n.n
[1, 0, 0, 0, 0]
[[-1.809e-03 -1.823e-03 -6.133e-04  1.714e-07 -1.795e-06  8.542e-06
   2.984e-06 -3.806e-03 -5.237e-03 -1.037e-03]
 [ 7.899e-04  6.404e-05 -3.191e-07 -1.407e-09 -2.634e-06 -3.541e-04
  -3.657e-04 -4.257e-04 -1.568e-04 -6.732e-03]
 [ 1.085e-02  1.000e+00  1.000e+00  1.000e+00  1.000e+00  9.899e-01
  -2.757e-05  1.960e-06  4.387e-06 -9.775e-03]
 [-8.735e-06  2.968e-05 -3.530e-07  9.681e-07 -2.991e-06  2.646e-05
  -8.697e-06 -7.296e-06 -1.204e-05 -3.519e-01]
 [-9.885e-06  5.082e-05 -1.368e-04  8.735e-07 -2.515e-06 -3.787e-04
   1.881e+00  1.881e+00 -5.678e-01 -9.180e-01]
 [ 9.538e-05  1.521e-05 -2.477e-04 -6.788e-05 -7.223e-05  1.363e-06
   9.004e-04 -6.299e-06  1.415e-04 -1.137e-03]
 [ 9.999e-01 -3.323e-05  6.131e-05  4.480e-02  4.751e-02  1.781e-02
   1.769e-04 -1.583e-03 -1.064e-02  1.502e-04]
 [ 1.005e+00 -1.331e-03 -5.656e-04  3.573e-06  1.002e-02 -4.666e-01
   5.863e-02  2.167e+00 -3.218e-02  1.030e-01]
 [ 1.006e+00 -2.348e-04 -1.677e-03 -1.527e-04  7.057e-03 -4.132e-01
   1.109e-01  2.221e+00 -3.378e-02  1.035e-01]
 [ 1.001e+00  4.266e-04 -3.552e-03 -2.335e-03  8.912e-03 -3.186e-01
   2.110e-01  2.281e+00 -7.768e-02  6.633e-02]]
Question 74: Hit at (2, 9)? Answer y or n.n
[1, 0, 0, 0, 0]
[[-1.809e-03 -1.826e-03 -6.133e-04  1.715e-07 -1.795e-06  8.542e-06
   2.984e-06 -3.806e-03 -5.237e-03 -1.037e-03]
 [ 7.899e-04 -1.064e-09 -3.972e-07  1.373e-08 -2.656e-06 -3.541e-04
  -3.657e-04 -4.257e-04 -1.568e-04 -6.732e-03]
 [ 1.085e-02  1.000e+00  1.000e+00  1.000e+00  1.000e+00  9.899e-01
  -2.758e-05  1.960e-06  4.387e-06 -9.775e-03]
 [-8.735e-06 -3.436e-05 -3.534e-07  9.154e-07 -2.991e-06  2.646e-05
  -8.697e-06 -7.296e-06 -1.204e-05 -3.519e-01]
 [-9.886e-06 -1.322e-05 -1.368e-04  8.759e-07 -2.515e-06 -3.787e-04
   1.881e+00  1.881e+00 -5.678e-01 -9.180e-01]
 [ 9.538e-05 -4.608e-05 -2.477e-04 -6.788e-05 -7.223e-05  1.363e-06
   9.004e-04 -6.299e-06  1.415e-04 -1.137e-03]
 [ 9.999e-01 -3.323e-05  6.131e-05  4.480e-02  4.751e-02  1.781e-02
   1.769e-04 -1.583e-03 -1.064e-02  1.502e-04]
 [ 1.005e+00 -1.331e-03 -5.656e-04  3.573e-06  1.002e-02 -4.666e-01
   5.863e-02  2.167e+00 -3.218e-02  1.030e-01]
 [ 1.006e+00 -2.348e-04 -1.677e-03 -1.527e-04  7.057e-03 -4.132e-01
   1.109e-01  2.221e+00 -3.378e-02  1.035e-01]
 [ 1.001e+00  4.266e-04 -3.552e-03 -2.335e-03  8.912e-03 -3.186e-01
   2.110e-01  2.281e+00 -7.768e-02  6.633e-02]]
Question 75: Hit at (6, 7)? Answer y or n.n
[1, 0, 0, 0, 0]
[[-1.810e-03 -1.826e-03 -6.137e-04  1.715e-07 -1.795e-06  8.541e-06
   2.983e-06 -3.806e-03 -5.237e-03 -1.037e-03]
 [ 7.899e-04 -1.064e-09 -3.972e-07  1.374e-08 -2.655e-06 -3.525e-04
  -3.660e-04 -4.260e-04 -1.568e-04 -6.732e-03]
 [ 1.085e-02  1.000e+00  1.000e+00  1.000e+00  1.000e+00  9.899e-01
  -2.757e-05  1.964e-06  4.393e-06 -9.776e-03]
 [-8.735e-06 -3.436e-05 -3.534e-07  3.016e-06 -9.059e-07  2.482e-04
   1.804e-04  1.811e-04 -1.204e-05 -3.519e-01]
 [-9.886e-06 -1.322e-05 -1.368e-04  8.757e-07 -2.515e-06 -3.501e-04
   1.881e+00  1.881e+00 -5.678e-01 -9.180e-01]
 [ 9.538e-05 -4.608e-05 -2.477e-04 -6.793e-05 -7.228e-05  5.286e-05
   9.000e-04 -6.291e-06  1.416e-04 -1.137e-03]
 [ 9.999e-01 -3.323e-05  6.129e-05  4.483e-02  4.755e-02  1.782e-02
   1.758e-04 -1.583e-03 -1.064e-02  1.504e-04]
 [ 1.005e+00 -1.332e-03 -5.660e-04  3.573e-06  1.003e-02 -4.669e-01
   5.867e-02  2.167e+00 -3.220e-02  1.031e-01]
 [ 1.006e+00 -2.348e-04 -1.677e-03 -1.529e-04  7.063e-03 -4.135e-01
   1.110e-01  2.220e+00 -3.381e-02  1.035e-01]
 [ 1.001e+00  4.266e-04 -3.553e-03 -2.335e-03  8.918e-03 -3.186e-01
   2.113e-01  2.281e+00 -7.769e-02  6.641e-02]]
Question 76: Hit at (8, 7)? Answer y or n.n
[1, 0, 0, 0, 0]
[[-1.810e-03 -1.826e-03 -6.139e-04  1.715e-07 -1.796e-06  8.542e-06
   2.984e-06 -3.807e-03 -5.238e-03 -1.037e-03]
 [ 7.900e-04 -1.064e-09 -3.972e-07  1.374e-08 -2.655e-06 -3.526e-04
  -3.661e-04 -4.260e-04 -1.568e-04 -6.733e-03]
 [ 1.085e-02  1.000e+00  1.000e+00  1.000e+00  1.000e+00  9.899e-01
  -2.757e-05  4.921e-06  4.394e-06 -9.777e-03]
 [-8.737e-06 -3.436e-05 -3.534e-07  3.016e-06 -9.055e-07  3.181e-04
   2.503e-04  2.483e-04 -1.618e-05 -3.520e-01]
 [-9.888e-06 -1.322e-05 -1.368e-04  8.758e-07 -2.515e-06 -3.501e-04
   1.881e+00  1.881e+00 -5.679e-01 -9.181e-01]
 [ 9.538e-05 -4.608e-05 -2.478e-04 -6.794e-05 -7.230e-05  5.287e-05
   9.002e-04 -5.094e-06  1.416e-04 -1.137e-03]
 [ 9.999e-01 -3.323e-05  6.130e-05  4.484e-02  4.756e-02  1.782e-02
   1.759e-04 -1.585e-03 -1.065e-02  1.505e-04]
 [ 1.005e+00 -1.332e-03 -5.661e-04  3.573e-06  1.003e-02 -4.670e-01
   5.869e-02  2.167e+00 -3.221e-02  1.031e-01]
 [ 1.006e+00 -2.344e-04 -1.677e-03 -1.529e-04  7.064e-03 -4.135e-01
   1.110e-01  2.220e+00 -3.382e-02  1.036e-01]
 [ 1.001e+00  4.266e-04 -3.553e-03 -2.335e-03  8.920e-03 -3.186e-01
   2.114e-01  2.281e+00 -7.769e-02  6.643e-02]]
Question 77: Hit at (6, 10)? Answer y or n.n
[1, 0, 0, 0, 0]
[[-1.810e-03 -1.826e-03 -6.139e-04  1.715e-07  3.880e-08  8.717e-08
   3.400e-06 -3.806e-03 -5.238e-03 -1.037e-03]
 [ 7.900e-04 -1.064e-09 -3.972e-07  1.374e-08 -2.655e-06 -3.633e-04
  -3.661e-04 -4.261e-04 -1.568e-04 -6.733e-03]
 [ 1.085e-02  1.000e+00  1.000e+00  1.000e+00  1.000e+00  9.899e-01
  -2.757e-05  4.921e-06  4.394e-06 -9.777e-03]
 [-8.737e-06 -3.436e-05 -3.534e-07  3.016e-06 -9.055e-07  3.181e-04
   2.503e-04  2.483e-04 -1.618e-05 -3.520e-01]
 [-9.888e-06 -1.322e-05 -1.368e-04  8.758e-07 -2.515e-06 -3.501e-04
   1.881e+00  1.881e+00 -5.679e-01 -9.181e-01]
 [ 9.538e-05 -4.608e-05 -2.478e-04 -6.794e-05 -7.230e-05  5.287e-05
   9.002e-04 -5.094e-06  1.416e-04 -1.137e-03]
 [ 9.999e-01 -3.323e-05  6.130e-05  4.484e-02  4.756e-02  1.782e-02
   1.759e-04 -1.585e-03 -1.065e-02  1.505e-04]
 [ 1.005e+00 -1.332e-03 -5.661e-04  3.573e-06  1.003e-02 -4.670e-01
   5.869e-02  2.167e+00 -3.221e-02  1.031e-01]
 [ 1.006e+00 -2.344e-04 -1.677e-03 -1.529e-04  7.064e-03 -4.135e-01
   1.110e-01  2.220e+00 -3.382e-02  1.036e-01]
 [ 1.001e+00  4.266e-04 -3.553e-03 -2.335e-03  8.920e-03 -3.186e-01
   2.114e-01  2.281e+00 -7.769e-02  6.643e-02]]
Question 78: Hit at (8, 8)? Answer y or n.n
[1, 0, 0, 0, 0]
[[-1.810e-03 -1.826e-03 -6.139e-04  1.715e-07  3.880e-08  8.717e-08
   3.400e-06 -3.806e-03 -5.238e-03 -1.037e-03]
 [ 7.900e-04 -1.064e-09 -3.972e-07  1.374e-08 -2.655e-06 -3.633e-04
  -3.661e-04 -4.260e-04 -1.568e-04 -6.733e-03]
 [ 1.085e-02  1.000e+00  1.000e+00  1.000e+00  1.000e+00  9.899e-01
  -2.576e-05  6.867e-06  6.073e-06 -9.777e-03]
 [-8.737e-06 -3.436e-05 -3.534e-07  3.016e-06 -9.055e-07  3.181e-04
   2.503e-04  2.485e-04 -1.618e-05 -3.520e-01]
 [-9.888e-06 -1.322e-05 -1.368e-04  8.758e-07 -2.515e-06 -3.501e-04
   1.881e+00  1.881e+00 -5.679e-01 -9.181e-01]
 [ 9.538e-05 -4.608e-05 -2.478e-04 -6.794e-05 -7.230e-05  5.287e-05
   9.002e-04 -5.094e-06  1.416e-04 -1.137e-03]
 [ 9.999e-01 -3.323e-05  6.130e-05  4.484e-02  4.756e-02  1.782e-02
   1.759e-04 -1.585e-03 -1.065e-02  1.505e-04]
 [ 1.005e+00 -1.332e-03 -5.661e-04  3.573e-06  1.003e-02 -4.670e-01
   5.869e-02  2.167e+00 -3.221e-02  1.031e-01]
 [ 1.006e+00 -2.344e-04 -1.677e-03 -1.529e-04  7.064e-03 -4.135e-01
   1.110e-01  2.220e+00 -3.382e-02  1.036e-01]
 [ 1.001e+00  4.266e-04 -3.553e-03 -2.335e-03  8.920e-03 -3.186e-01
   2.114e-01  2.281e+00 -7.769e-02  6.643e-02]]
Question 79: Hit at (5, 9)? Answer y or n.n
[1, 0, 0, 0, 0]
[[-1.810e-03 -1.826e-03 -6.139e-04  1.715e-07  3.230e-08  8.717e-08
   3.400e-06 -3.806e-03 -5.238e-03 -1.037e-03]
 [ 7.900e-04 -1.063e-09 -3.936e-07 -2.502e-08  1.944e-07 -3.636e-04
  -3.664e-04 -4.260e-04 -1.568e-04 -6.733e-03]
 [ 1.085e-02  1.000e+00  1.000e+00  1.000e+00  1.000e+00  9.899e-01
  -2.576e-05  6.867e-06  6.073e-06 -9.777e-03]
 [-8.737e-06 -3.436e-05 -3.534e-07  3.019e-06  2.265e-06  3.181e-04
   2.503e-04  2.485e-04 -1.618e-05 -3.520e-01]
 [-9.888e-06 -1.322e-05 -1.368e-04  8.758e-07  6.560e-07 -3.501e-04
   1.881e+00  1.881e+00 -5.679e-01 -9.181e-01]
 [ 9.538e-05 -4.608e-05 -2.478e-04 -6.794e-05 -6.913e-05  5.287e-05
   9.002e-04 -5.094e-06  1.416e-04 -1.137e-03]
 [ 9.999e-01 -3.323e-05  6.130e-05  4.484e-02  4.756e-02  1.782e-02
   1.759e-04 -1.585e-03 -1.065e-02  1.505e-04]
 [ 1.005e+00 -1.332e-03 -5.661e-04  3.573e-06  1.003e-02 -4.670e-01
   5.869e-02  2.167e+00 -3.221e-02  1.031e-01]
 [ 1.006e+00 -2.344e-04 -1.677e-03 -1.529e-04  7.064e-03 -4.135e-01
   1.110e-01  2.220e+00 -3.382e-02  1.036e-01]
 [ 1.001e+00  4.266e-04 -3.553e-03 -2.335e-03  8.920e-03 -3.186e-01
   2.114e-01  2.281e+00 -7.769e-02  6.643e-02]]
Question 80: Hit at (1, 6)? Answer y or n.n
[1, 0, 0, 0, 0]
[[-1.810e-03 -1.826e-03 -6.139e-04  1.715e-07  3.230e-08  8.717e-08
   3.400e-06 -3.806e-03 -5.238e-03 -1.037e-03]
 [ 7.900e-04 -1.063e-09 -3.936e-07 -2.502e-08  1.944e-07 -3.636e-04
  -3.664e-04 -4.260e-04 -1.568e-04 -6.733e-03]
 [ 1.085e-02  1.000e+00  1.000e+00  1.000e+00  1.000e+00  9.899e-01
  -2.576e-05  6.867e-06  6.073e-06 -9.777e-03]
 [-8.750e-06 -3.436e-05 -3.534e-07  3.019e-06  2.265e-06  3.181e-04
   2.503e-04  2.485e-04 -1.618e-05 -3.519e-01]
 [-1.074e-05 -1.278e-05 -1.368e-04  8.757e-07  6.560e-07 -3.501e-04
   1.881e+00  1.881e+00 -5.679e-01 -9.181e-01]
 [ 9.409e-05 -4.608e-05 -2.478e-04 -6.794e-05 -6.913e-05  5.287e-05
   9.002e-04 -5.094e-06  1.416e-04 -1.137e-03]
 [ 9.999e-01 -3.323e-05  6.130e-05  4.484e-02  4.756e-02  1.782e-02
   1.759e-04 -1.585e-03 -1.065e-02  1.505e-04]
 [ 1.005e+00 -1.332e-03 -5.661e-04  3.573e-06  1.003e-02 -4.670e-01
   5.869e-02  2.167e+00 -3.221e-02  1.031e-01]
 [ 1.006e+00 -2.346e-04 -1.677e-03 -1.529e-04  7.064e-03 -4.135e-01
   1.110e-01  2.220e+00 -3.382e-02  1.036e-01]
 [ 1.001e+00  4.266e-04 -3.553e-03 -2.335e-03  8.920e-03 -3.186e-01
   2.114e-01  2.281e+00 -7.769e-02  6.643e-02]]
Question 81: Hit at (9, 7)? Answer y or n.n
[1, 0, 0, 0, 0]
[[-1.810e-03 -1.826e-03 -6.139e-04  1.715e-07  3.230e-08  8.718e-08
   3.400e-06 -3.806e-03 -5.238e-03 -1.037e-03]
 [ 7.900e-04 -1.063e-09 -3.936e-07 -2.502e-08  1.944e-07 -3.636e-04
  -3.664e-04 -4.260e-04 -1.550e-04 -6.734e-03]
 [ 1.085e-02  1.000e+00  1.000e+00  1.000e+00  1.000e+00  9.899e-01
  -2.576e-05  6.867e-06  7.836e-05 -9.778e-03]
 [-8.750e-06 -3.436e-05 -3.534e-07  3.019e-06  2.265e-06  3.181e-04
   2.503e-04  2.408e-04 -6.028e-06 -3.519e-01]
 [-1.074e-05 -1.278e-05 -1.368e-04  8.758e-07  6.561e-07 -3.501e-04
   1.882e+00  1.881e+00 -5.680e-01 -9.182e-01]
 [ 9.409e-05 -4.608e-05 -2.478e-04 -6.794e-05 -6.913e-05  5.287e-05
   9.002e-04 -5.094e-06  1.416e-04 -1.137e-03]
 [ 9.999e-01 -3.323e-05  6.131e-05  4.484e-02  4.756e-02  1.782e-02
   1.759e-04 -1.585e-03 -1.065e-02  1.505e-04]
 [ 1.005e+00 -1.332e-03 -5.661e-04  3.573e-06  1.003e-02 -4.670e-01
   5.868e-02  2.167e+00 -3.221e-02  1.031e-01]
 [ 1.006e+00 -2.343e-04 -1.677e-03 -1.529e-04  7.064e-03 -4.135e-01
   1.110e-01  2.220e+00 -3.382e-02  1.036e-01]
 [ 1.001e+00  4.266e-04 -3.554e-03 -2.335e-03  8.920e-03 -3.186e-01
   2.114e-01  2.281e+00 -7.769e-02  6.643e-02]]
Question 82: Hit at (3, 6)? Answer y or n.n
[1, 0, 0, 0, 0]
[[-1.810e-03 -1.826e-03 -6.138e-04  1.715e-07  3.229e-08  8.716e-08
   3.399e-06 -3.806e-03 -5.237e-03 -1.037e-03]
 [ 7.899e-04 -1.062e-09 -3.916e-08 -2.510e-08  1.944e-07 -3.636e-04
  -3.664e-04 -4.260e-04 -1.550e-04 -6.733e-03]
 [ 1.085e-02  1.000e+00  1.000e+00  1.000e+00  1.000e+00  9.899e-01
  -2.576e-05  6.867e-06  7.835e-05 -9.776e-03]
 [-8.749e-06 -3.436e-05 -3.542e-10  3.019e-06  2.265e-06  3.181e-04
   2.503e-04  2.408e-04 -6.029e-06 -3.519e-01]
 [-1.074e-05 -1.260e-05  3.680e-08  8.596e-07  6.560e-07 -3.501e-04
   1.881e+00  1.881e+00 -5.679e-01 -9.180e-01]
 [ 9.409e-05 -4.608e-05 -1.111e-04 -6.793e-05 -6.912e-05  5.287e-05
   8.999e-04 -5.094e-06  1.416e-04 -1.137e-03]
 [ 9.999e-01 -3.323e-05  6.141e-05  4.484e-02  4.756e-02  1.782e-02
   1.756e-04 -1.585e-03 -1.065e-02  1.505e-04]
 [ 1.005e+00 -1.332e-03 -5.661e-04  3.573e-06  1.003e-02 -4.670e-01
   5.868e-02  2.167e+00 -3.221e-02  1.031e-01]
 [ 1.006e+00 -2.343e-04 -1.677e-03 -1.529e-04  7.064e-03 -4.135e-01
   1.110e-01  2.220e+00 -3.382e-02  1.036e-01]
 [ 1.001e+00  4.266e-04 -3.553e-03 -2.335e-03  8.920e-03 -3.186e-01
   2.114e-01  2.281e+00 -7.769e-02  6.643e-02]]
Question 83: Hit at (9, 9)? Answer y or n.y
Sunk ship? 0 if nothing sunk otherwise size of ship.2
83